16:18:58.744 -> [[-4.82,-6.84,3.13],[-0.06,-0.03,-0.04]]   100
16:18:58.820 -> [[-4.55,-6.98,2.79],[-0.07,0.09,0.05]]   25
16:18:58.897 -> [[-4.82,-7.01,2.87],[-0.06,0.04,0.04]]   100
16:18:59.020 -> [[-5.33,-6.85,3.49],[-0.02,0.09,0.05]]   25
16:18:59.053 -> [[-4.69,-6.76,3.12],[-0.06,0.09,-0.00]]   25
16:18:59.100 -> [[-5.13,-6.84,3.31],[-0.04,0.04,-0.02]]   25
16:18:59.145 -> [[-4.74,-6.70,3.27],[-0.00,0.04,0.03]]   25
16:18:59.192 -> [[-5.08,-6.75,3.38],[-0.05,0.05,0.02]]   25
16:18:59.237 -> [[-4.91,-6.75,3.20],[-0.05,0.00,0.00]]   100
16:18:59.361 -> [[-4.99,-6.85,3.23],[-0.03,0.07,0.05]]   25
16:18:59.405 -> [[-4.99,-6.85,3.10],[-0.06,0.03,0.02]]   25
16:18:59.438 -> [[-5.09,-6.90,3.15],[-0.08,0.03,-0.00]]   25
16:18:59.563 -> [[-4.90,-6.79,3.17],[-0.05,0.04,0.00]]   25
16:18:59.609 -> [[-4.82,-6.92,3.15],[-0.05,0.04,-0.02]]   100
16:18:59.733 -> [[-5.02,-6.86,3.05],[-0.04,0.05,0.01]]   25
16:18:59.779 -> [[-5.04,-6.86,3.11],[-0.03,0.04,0.01]]   25
16:18:59.824 -> [[-5.01,-6.96,3.06],[-0.07,0.05,0.04]]   25
16:18:59.857 -> [[-5.09,-6.84,3.12],[-0.05,0.03,-0.00]]   25
16:18:59.981 -> [[-4.89,-6.84,2.88],[-0.03,0.04,0.01]]   25
16:19:00.028 -> [[-4.98,-6.81,2.95],[-0.03,0.04,0.01]]   100
16:19:00.122 -> [[-5.17,-6.90,3.16],[-0.01,0.04,-0.00]]   25
16:19:00.153 -> [[-5.11,-7.01,3.00],[-0.04,0.03,0.01]]   25
16:19:00.293 -> [[-4.97,-6.93,3.01],[-0.06,0.03,0.01]]   25
16:19:00.479 -> [[-5.05,-6.88,2.97],[-0.02,0.03,0.00]]   25
16:19:00.522 -> [[-5.06,-6.92,2.87],[-0.07,0.04,-0.01]]   25
16:19:00.556 -> [[-5.01,-6.78,3.10],[-0.02,0.04,-0.00]]   25
16:19:00.602 -> [[-5.10,-6.90,2.92],[-0.03,0.05,0.01]]   100
16:19:00.727 -> [[-4.98,-6.84,2.93],[-0.02,0.08,0.00]]   100
16:19:00.819 -> [[-4.94,-6.76,3.02],[-0.02,0.06,-0.00]]   100
16:19:00.943 -> [[-5.05,-6.67,3.14],[-0.03,0.07,0.02]]   100
16:19:01.068 -> [[-5.17,-6.96,2.90],[-0.03,0.07,0.01]]   100
16:19:01.192 -> [[-5.24,-6.84,3.06],[-0.00,0.09,0.04]]   100
16:19:01.316 -> [[-5.25,-6.78,2.94],[-0.01,0.07,-0.01]]   100
16:19:01.399 -> [[-5.26,-6.73,2.84],[-0.02,0.07,0.02]]   100
16:19:01.533 -> [[-5.25,-6.75,2.94],[-0.02,0.04,-0.01]]   100
16:19:01.658 -> [[-5.29,-6.86,2.85],[-0.03,0.06,-0.01]]   100
16:19:01.783 -> [[-5.20,-6.82,2.98],[-0.05,0.07,0.04]]   100
16:19:01.876 -> [[-5.34,-6.91,2.77],[-0.06,0.04,-0.01]]   100
16:19:02.015 -> [[-5.09,-6.82,2.92],[-0.01,0.06,0.04]]   25
16:19:02.047 -> [[-5.35,-6.77,3.02],[0.01,0.06,0.07]]   25
16:19:02.094 -> [[-5.50,-6.70,2.98],[-0.00,0.07,0.02]]   100
16:19:02.217 -> [[-5.18,-6.99,2.84],[-0.07,0.05,0.01]]   25
16:19:02.259 -> [[-5.20,-6.83,2.77],[-0.04,0.04,-0.01]]   25
16:19:02.295 -> [[-5.25,-6.86,2.80],[-0.00,0.05,0.05]]   25
16:19:02.342 -> [[-5.33,-6.59,2.99],[0.03,0.05,0.05]]   25
16:19:02.374 -> [[-5.62,-6.73,3.07],[-0.01,0.02,0.01]]   25
16:19:02.420 -> [[-5.25,-6.74,2.96],[-0.02,0.01,0.01]]   25
16:19:02.545 -> [[-5.30,-6.69,2.84],[-0.07,0.01,0.01]]   25
16:19:02.639 -> [[-5.29,-6.71,2.95],[-0.02,0.02,0.02]]   25
16:19:02.685 -> [[-5.37,-6.76,2.78],[-0.06,0.01,-0.01]]   25
16:19:02.731 -> [[-5.37,-6.73,2.79],[-0.04,0.04,0.05]]   25
16:19:02.808 -> [[-5.25,-6.76,2.92],[-0.09,-0.00,-0.02]]   25
16:19:02.885 -> [[-5.40,-6.92,2.64],[-0.15,0.00,-0.00]]   25
16:19:02.931 -> [[-5.41,-6.76,2.68],[-0.06,0.04,0.02]]   25
16:19:02.963 -> [[-5.26,-6.81,2.81],[-0.08,0.00,-0.01]]   25
16:19:02.994 -> [[-5.12,-6.74,2.78],[-0.06,0.02,-0.00]]   25
16:19:03.071 -> [[-5.25,-6.64,2.87],[0.00,0.01,0.07]]   25
16:19:03.148 -> [[-5.46,-6.81,2.73],[-0.06,0.01,0.05]]   25
16:19:03.195 -> [[-5.27,-6.88,2.72],[-0.06,0.02,0.01]]   100
16:19:03.303 -> [[-5.43,-6.80,2.73],[-0.05,0.03,0.01]]   100
16:19:03.426 -> [[-5.28,-6.64,2.82],[0.01,0.06,0.09]]   100
16:19:03.548 -> [[-5.31,-6.56,2.83],[-0.03,0.04,0.01]]   25
16:19:03.582 -> [[-5.47,-6.70,2.74],[-0.06,0.01,-0.00]]   25
16:19:03.628 -> [[-5.32,-6.74,2.74],[-0.05,0.02,0.03]]   100
16:19:03.752 -> [[-5.46,-6.80,2.69],[-0.01,0.04,0.05]]   25
16:19:03.829 -> [[-5.45,-6.85,2.95],[-0.03,0.04,0.02]]   25
16:19:03.906 -> [[-5.31,-6.78,2.66],[-0.06,0.02,-0.02]]   25
16:19:03.952 -> [[-5.45,-6.93,2.83],[-0.05,0.05,0.04]]   100
16:19:04.076 -> [[-5.39,-6.69,2.94],[-0.04,0.01,-0.03]]   100
16:19:04.153 -> [[-5.37,-6.81,2.76],[-0.03,0.05,0.03]]   25
16:19:04.231 -> [[-5.47,-6.78,2.81],[-0.04,0.03,0.02]]   100
16:19:04.309 -> [[-5.44,-6.93,2.70],[-0.05,0.06,0.00]]   25
16:19:04.387 -> [[-5.48,-6.81,2.74],[-0.03,0.04,0.04]]   25
16:19:04.421 -> [[-5.32,-6.85,2.78],[-0.06,0.03,-0.02]]   25
16:19:04.465 -> [[-5.30,-6.68,2.71],[-0.07,0.05,-0.04]]   25
16:19:04.511 -> [[-5.46,-6.74,2.69],[-0.03,0.04,0.03]]   25
16:19:04.558 -> [[-5.35,-6.84,2.79],[-0.03,0.04,0.01]]   100
16:19:04.680 -> [[-5.61,-6.64,2.89],[-0.05,0.01,-0.03]]   25
16:19:04.726 -> [[-5.37,-6.75,2.72],[-0.05,-0.00,0.01]]   100
16:19:04.818 -> [[-5.50,-6.72,2.77],[-0.05,0.03,-0.01]]   25
16:19:04.864 -> [[-5.37,-6.73,2.77],[-0.02,0.02,0.01]]   25
16:19:04.911 -> [[-5.25,-6.85,2.73],[-0.01,0.02,0.04]]   100
16:19:05.035 -> [[-5.42,-6.77,2.71],[-0.02,0.02,0.04]]   100
16:19:05.202 -> [[-5.82,-6.98,2.57],[0.35,0.12,0.29]]   25
16:19:05.238 -> [[-5.35,-7.30,3.39],[0.56,-0.15,0.72]]   25
16:19:05.284 -> [[-5.40,-4.98,2.66],[0.27,-0.01,0.29]]   25
16:19:05.330 -> [[-6.05,-5.95,3.22],[-0.19,0.07,-0.05]]   25
16:19:05.393 -> [[-6.02,-6.75,3.15],[-0.10,0.04,-0.05]]   25
16:19:05.422 -> [[-5.68,-6.13,2.91],[0.01,0.01,0.09]]   25
16:19:05.468 -> [[-5.99,-6.10,3.03],[0.02,-0.01,0.06]]   25
16:19:05.515 -> [[-5.98,-6.07,3.08],[0.03,-0.11,0.06]]   100
16:19:05.594 -> [[-5.59,-6.03,3.30],[-0.08,-0.08,-0.11]]   25
16:19:05.670 -> [[-5.54,-6.22,3.31],[-0.04,-0.05,-0.13]]   25
16:19:05.715 -> [[-5.80,-6.04,3.34],[-0.05,-0.03,-0.05]]   25
16:19:05.761 -> [[-5.55,-6.21,3.34],[-0.05,-0.00,0.00]]   100