14:36:39.952 -> [[-4.05,-6.42,4.39],[-0.04,-0.03,-0.02]]
14:36:39.975 -> [[-4.19,-6.42,4.31],[-0.04,-0.03,0.01]]
14:36:40.007 -> [[-4.33,-6.44,4.48],[-0.05,0.00,0.03]]
14:36:40.083 -> [[-4.05,-6.48,4.40],[-0.05,-0.04,0.00]]
14:36:40.176 -> [[-4.04,-6.40,4.42],[-0.06,-0.07,-0.02]]
14:36:40.269 -> [[-4.03,-6.46,4.50],[-0.06,-0.14,-0.06]]
14:36:40.301 -> [[-4.06,-6.42,4.48],[-0.07,-0.17,-0.01]]
14:36:40.472 -> [[-3.63,-6.66,4.70],[-0.06,-0.15,0.03]]
14:36:40.519 -> [[-3.81,-6.51,4.62],[-0.12,-0.14,0.13]]
14:36:40.566 -> [[-3.61,-6.43,4.55],[-0.11,-0.10,0.10]]
14:36:40.612 -> [[-4.06,-6.45,4.58],[-0.10,-0.07,0.08]]
14:36:40.659 -> [[-3.80,-6.48,4.57],[-0.13,-0.08,0.11]]
14:36:40.705 -> [[-3.64,-6.50,4.49],[-0.08,-0.04,0.03]]
14:36:40.752 -> [[-3.91,-6.49,4.59],[-0.07,-0.01,0.03]]
14:36:40.876 -> [[-3.88,-6.49,4.54],[-0.05,0.04,0.02]]
14:36:40.923 -> [[-3.95,-6.51,4.58],[-0.06,0.06,0.06]]
14:36:40.969 -> [[-3.75,-6.71,4.50],[-0.02,0.09,-0.10]]
14:36:41.092 -> [[-4.05,-6.21,4.57],[0.01,0.10,-0.07]]
14:36:41.185 -> [[-4.17,-6.35,4.47],[-0.03,0.09,0.02]]
14:36:41.232 -> [[-3.92,-6.43,4.60],[0.00,0.09,-0.07]]
14:36:41.278 -> [[-3.74,-6.41,4.41],[-0.01,0.16,-0.04]]
14:36:41.325 -> [[-4.06,-6.65,4.57],[-0.03,0.21,-0.03]]
14:36:41.403 -> [[-3.87,-6.47,4.44],[-0.04,0.09,-0.08]]
14:36:41.496 -> [[-3.94,-6.41,4.46],[-0.04,-0.01,-0.02]]
14:36:41.541 -> [[-4.14,-6.42,4.46],[-0.03,0.05,-0.06]]
14:36:41.574 -> [[-3.86,-6.51,4.47],[-0.01,0.04,-0.08]]
14:36:41.620 -> [[-4.05,-6.53,4.52],[-0.01,0.10,0.03]]
14:36:41.666 -> [[-3.76,-6.57,4.50],[-0.03,0.00,-0.05]]
14:36:41.711 -> [[-3.80,-6.56,4.52],[-0.02,0.10,0.01]]
14:36:41.754 -> [[-3.92,-6.54,4.47],[-0.01,0.06,-0.03]]
14:36:41.790 -> [[-3.90,-6.53,4.48],[-0.02,0.02,-0.03]]
14:36:41.914 -> [[-3.93,-6.55,4.52],[-0.01,0.08,-0.05]]
14:36:41.961 -> [[-3.97,-6.40,4.42],[-0.04,0.03,-0.00]]
14:36:42.008 -> [[-3.89,-6.56,4.41],[-0.05,0.07,0.03]]
14:36:42.055 -> [[-4.05,-6.44,4.52],[-0.04,0.11,0.07]]
14:36:42.102 -> [[-3.98,-6.46,4.44],[-0.04,0.03,0.01]]
14:36:42.144 -> [[-3.95,-6.51,4.41],[-0.03,0.07,0.03]]
14:36:42.178 -> [[-4.12,-6.47,4.38],[-0.04,0.04,0.03]]
14:36:42.224 -> [[-3.92,-6.58,4.51],[-0.05,0.05,0.06]]
14:36:42.270 -> [[-3.94,-6.48,4.40],[-0.04,-0.05,0.00]]
14:36:42.317 -> [[-4.19,-6.36,4.39],[-0.04,0.02,0.05]]
14:36:42.360 -> [[-3.85,-6.56,4.60],[-0.08,-0.06,0.04]]
14:36:42.394 -> [[-3.95,-6.45,4.47],[-0.06,-0.12,-0.03]]
14:36:42.440 -> [[-4.04,-6.57,4.50],[-0.03,0.00,0.05]]
14:36:42.517 -> [[-4.02,-6.46,4.53],[-0.05,-0.09,-0.04]]
14:36:42.564 -> [[-3.94,-6.50,4.56],[-0.07,-0.06,0.05]]
14:36:42.611 -> [[-4.06,-6.52,4.53],[-0.06,-0.12,0.01]]
14:36:42.654 -> [[-3.86,-6.54,4.54],[-0.07,-0.07,0.03]]
14:36:42.688 -> [[-3.77,-6.56,4.59],[-0.06,-0.12,-0.00]]
14:36:42.735 -> [[-3.91,-6.39,4.53],[-0.06,-0.10,0.00]]
14:36:42.780 -> [[-3.86,-6.57,4.59],[-0.08,-0.06,0.04]]
14:36:42.813 -> [[-3.78,-6.51,4.54],[-0.07,-0.05,0.05]]
14:36:42.892 -> [[-3.70,-6.51,4.63],[-0.07,-0.01,0.07]]
14:36:43.062 -> [[-3.76,-6.66,4.60],[-0.06,0.02,0.07]]
14:36:43.136 -> [[-3.84,-6.59,4.59],[-0.06,0.01,0.10]]
14:36:43.169 -> [[-3.66,-6.67,4.54],[-0.08,-0.00,0.08]]
14:36:43.216 -> [[-3.95,-6.38,4.68],[-0.02,0.02,0.02]]
14:36:43.340 -> [[-3.77,-6.49,4.55],[-0.06,0.01,0.01]]
14:36:43.388 -> [[-4.10,-6.14,4.55],[-0.00,0.13,-0.02]]
14:36:43.526 -> [[-3.95,-6.55,4.58],[-0.04,0.05,-0.03]]
14:36:43.649 -> [[-3.90,-6.33,4.51],[-0.02,0.11,0.01]]
14:36:43.681 -> [[-3.83,-6.55,4.45],[-0.01,0.18,0.04]]
14:36:43.728 -> [[-4.04,-6.56,4.52],[-0.04,0.09,-0.05]]
14:36:43.775 -> [[-4.09,-6.45,4.53],[-0.02,0.17,-0.01]]
14:36:43.853 -> [[-3.93,-6.50,4.44],[-0.00,0.04,-0.04]]
14:36:43.898 -> [[-4.19,-6.44,4.49],[-0.04,0.09,-0.00]]
14:36:43.930 -> [[-4.08,-6.51,4.46],[-0.02,0.01,-0.01]]
14:36:44.055 -> [[-3.91,-6.48,4.41],[-0.02,0.04,-0.00]]
14:36:44.101 -> [[-4.08,-6.41,4.48],[-0.01,0.05,-0.04]]
14:36:44.145 -> [[-3.85,-6.54,4.57],[-0.01,0.04,-0.08]]
14:36:44.179 -> [[-3.74,-6.52,4.43],[0.00,0.12,0.01]]
14:36:44.226 -> [[-4.30,-6.41,4.48],[0.01,0.14,0.01]]
14:36:44.257 -> [[-3.88,-6.48,4.52],[-0.02,0.05,-0.02]]
14:36:44.350 -> [[-4.20,-6.32,4.39],[-0.03,0.06,0.00]]
14:36:44.397 -> [[-4.01,-6.42,4.40],[-0.06,0.06,0.03]]
14:36:44.443 -> [[-4.13,-6.45,4.35],[-0.04,0.03,-0.01]]
14:36:44.490 -> [[-4.14,-6.41,4.44],[-0.05,0.05,0.04]]
14:36:44.535 -> [[-4.12,-6.45,4.42],[-0.06,-0.01,0.07]]
14:36:44.578 -> [[-4.13,-6.49,4.49],[-0.07,0.01,0.06]]
14:36:44.612 -> [[-4.12,-6.47,4.46],[-0.07,-0.04,0.02]]
14:36:44.658 -> [[-4.00,-6.52,4.42],[-0.04,-0.01,0.03]]
14:36:44.706 -> [[-4.06,-6.57,4.47],[-0.06,0.01,0.05]]
14:36:44.878 -> [[-4.23,-6.44,4.43],[-0.04,-0.02,0.02]]
14:36:44.924 -> [[-4.29,-6.39,4.52],[-0.07,-0.02,0.07]]
14:36:44.969 -> [[-4.00,-6.54,4.50],[-0.11,-0.10,0.03]]
14:36:45.016 -> [[-4.14,-6.42,4.41],[-0.05,-0.03,0.05]]
14:36:45.062 -> [[-4.01,-6.38,4.48],[-0.09,-0.05,0.03]]
14:36:45.107 -> [[-3.91,-6.49,4.42],[-0.08,-0.09,0.03]]
14:36:45.140 -> [[-3.93,-6.51,4.56],[-0.07,-0.02,0.04]]
14:36:45.279 -> [[-3.97,-6.54,4.44],[-0.07,0.02,0.06]]
14:36:45.326 -> [[-3.82,-6.39,4.59],[-0.10,-0.09,0.09]]
14:36:45.373 -> [[-4.06,-6.45,4.49],[-0.08,-0.07,0.00]]
14:36:45.415 -> [[-3.92,-6.51,4.50],[-0.06,0.01,-0.02]]
14:36:45.450 -> [[-3.92,-6.47,4.53],[-0.05,0.03,0.06]]
14:36:45.497 -> [[-3.96,-6.35,4.41],[0.08,0.05,-0.20]]
14:36:45.529 -> [[-3.97,-6.61,4.56],[-0.00,0.10,-0.01]]
14:36:45.575 -> [[-4.23,-6.36,4.61],[-0.02,0.11,-0.06]]
14:36:45.620 -> [[-3.91,-6.58,4.43],[0.00,0.14,-0.03]]
14:36:45.697 -> [[-4.23,-6.34,4.52],[-0.03,0.10,0.01]]
14:36:45.744 -> [[-3.98,-6.63,4.49],[-0.05,0.08,-0.00]]
14:36:45.790 -> [[-4.25,-6.33,4.45],[-0.03,0.15,-0.00]]
14:36:45.867 -> [[-4.14,-6.61,4.43],[-0.01,0.17,0.01]]
14:36:45.943 -> [[-3.86,-6.59,4.41],[-0.02,0.03,0.00]]
14:36:45.989 -> [[-3.99,-6.49,4.46],[0.02,0.06,0.01]]
14:36:46.021 -> [[-4.18,-6.72,4.69],[0.06,-0.05,0.04]]
14:36:46.097 -> [[-4.06,-6.36,4.34],[-0.00,0.23,-0.00]]
14:36:46.191 -> [[-4.29,-6.37,4.62],[0.01,0.10,-0.01]]
14:36:46.237 -> [[-4.24,-6.28,4.46],[-0.05,0.09,-0.01]]
14:36:46.284 -> [[-4.22,-6.42,4.54],[-0.03,0.00,0.03]]
14:36:46.330 -> [[-4.46,-6.28,4.29],[-0.03,0.05,0.01]]
14:36:46.376 -> [[-4.19,-6.34,4.47],[0.01,0.00,-0.02]]
14:36:46.409 -> [[-4.26,-6.42,4.57],[0.02,0.00,0.02]]
14:36:46.454 -> [[-4.36,-6.21,4.53],[0.01,0.07,0.01]]
14:36:46.501 -> [[-4.20,-6.42,4.56],[-0.04,0.01,-0.02]]
14:36:46.547 -> [[-4.07,-6.19,4.44],[0.03,0.01,0.01]]
14:36:46.578 -> [[-4.34,-6.23,4.56],[-0.05,0.04,-0.01]]
14:36:46.625 -> [[-4.29,-6.48,4.55],[-0.04,0.00,0.01]]
14:36:46.672 -> [[-4.23,-6.08,4.35],[-0.02,0.03,0.01]]
14:36:46.718 -> [[-4.17,-6.33,4.58],[-0.06,0.06,-0.01]]
14:36:46.765 -> [[-4.13,-6.29,4.51],[-0.03,0.04,0.00]]
14:36:46.813 -> [[-4.35,-6.41,4.57],[0.00,-0.04,-0.00]]
14:36:46.892 -> [[-4.33,-6.32,4.56],[-0.03,0.08,-0.02]]
14:36:47.033 -> [[-4.16,-6.12,4.54],[-0.01,-0.02,-0.02]]
14:36:47.125 -> [[-4.21,-6.16,4.58],[0.01,0.06,-0.02]]
14:36:47.172 -> [[-4.12,-6.13,4.59],[-0.01,0.03,0.00]]
