14:44:26.446 -> [[-7.69,-6.20,-1.93],[0.07,0.24,0.04]]
14:44:26.480 -> [[-7.26,-5.83,-1.53],[0.01,0.10,0.02]]
14:44:26.526 -> [[-7.28,-6.46,-1.47],[0.06,0.08,0.01]]
14:44:26.571 -> [[-7.45,-5.78,-1.98],[0.00,0.02,0.01]]
14:44:26.604 -> [[-7.03,-6.58,-1.27],[0.03,0.15,0.07]]
14:44:26.650 -> [[-7.35,-6.04,-1.74],[-0.01,0.18,0.04]]
14:44:26.696 -> [[-7.50,-6.05,-1.76],[-0.13,0.16,0.04]]
14:44:26.739 -> [[-7.36,-6.24,-1.76],[-0.09,0.21,0.05]]
14:44:26.773 -> [[-7.38,-6.06,-1.82],[-0.06,0.12,0.02]]
14:44:26.820 -> [[-7.43,-6.10,-1.92],[-0.13,0.23,0.10]]
14:44:26.867 -> [[-7.47,-6.18,-1.94],[-0.02,0.07,-0.03]]
14:44:26.910 -> [[-7.26,-6.19,-1.88],[-0.08,0.12,0.03]]
14:44:26.944 -> [[-7.56,-6.10,-1.94],[-0.11,0.13,0.05]]
14:44:26.991 -> [[-7.37,-6.03,-2.12],[-0.11,0.10,0.03]]
14:44:27.115 -> [[-7.51,-6.18,-2.14],[-0.08,0.14,0.03]]
14:44:27.208 -> [[-7.59,-6.08,-2.26],[-0.00,0.15,-0.03]]
14:44:27.254 -> [[-7.53,-5.99,-2.29],[-0.02,0.05,-0.02]]
14:44:27.286 -> [[-7.30,-6.05,-2.36],[-0.07,0.06,0.03]]
14:44:27.318 -> [[-7.39,-6.12,-2.40],[-0.06,0.27,0.06]]
14:44:27.394 -> [[-7.59,-6.02,-2.44],[-0.02,0.11,-0.00]]
14:44:27.441 -> [[-7.37,-6.09,-2.38],[-0.04,0.06,0.02]]
14:44:27.483 -> [[-7.43,-6.09,-2.46],[-0.06,0.10,0.06]]
14:44:27.517 -> [[-7.39,-5.96,-2.50],[-0.02,0.00,-0.02]]
14:44:27.564 -> [[-7.35,-6.05,-2.45],[-0.06,0.03,0.02]]
14:44:27.611 -> [[-7.47,-6.32,-2.44],[-0.05,0.09,0.06]]
14:44:27.734 -> [[-7.41,-5.82,-2.56],[0.04,0.07,0.00]]
14:44:27.767 -> [[-7.24,-6.00,-2.34],[-0.00,0.04,0.02]]
14:44:27.798 -> [[-7.46,-5.83,-2.71],[-0.04,0.13,0.04]]
14:44:27.844 -> [[-7.42,-6.07,-2.33],[-0.09,0.08,0.01]]
14:44:27.890 -> [[-7.56,-5.98,-2.75],[-0.09,0.00,0.02]]
14:44:28.016 -> [[-7.52,-5.90,-2.60],[-0.01,-0.06,-0.02]]
14:44:28.138 -> [[-7.34,-5.90,-2.54],[-0.06,-0.07,0.00]]
14:44:28.170 -> [[-7.52,-6.11,-2.37],[-0.05,-0.05,-0.01]]
14:44:28.296 -> [[-7.49,-5.97,-2.43],[0.03,-0.17,-0.08]]
14:44:28.328 -> [[-7.32,-6.15,-2.10],[-0.03,-0.11,-0.03]]
14:44:28.374 -> [[-7.39,-6.18,-2.12],[-0.03,-0.03,0.01]]
14:44:28.515 -> [[-7.38,-6.05,-2.14],[0.00,0.00,0.01]]
14:44:28.592 -> [[-7.43,-6.13,-1.93],[0.04,-0.04,-0.04]]
14:44:28.623 -> [[-7.49,-6.11,-2.25],[0.04,-0.04,-0.03]]
14:44:28.762 -> [[-7.31,-6.15,-1.98],[0.01,0.00,-0.02]]
14:44:28.901 -> [[-7.38,-6.17,-1.98],[-0.04,0.05,0.02]]
14:44:29.012 -> [[-7.45,-6.18,-2.12],[-0.04,0.16,0.06]]
14:44:29.134 -> [[-7.36,-6.11,-2.11],[-0.06,0.13,0.04]]
14:44:29.168 -> [[-7.56,-6.06,-2.34],[-0.07,0.11,0.03]]
14:44:29.214 -> [[-7.19,-6.15,-1.92],[-0.14,-0.07,0.00]]
14:44:29.261 -> [[-7.37,-6.11,-2.20],[-0.09,0.07,0.03]]
14:44:29.293 -> [[-7.30,-6.23,-2.17],[-0.04,0.05,0.01]]
14:44:29.340 -> [[-7.46,-5.98,-2.43],[-0.05,0.10,0.03]]
14:44:29.387 -> [[-7.47,-6.21,-2.29],[-0.07,0.03,-0.00]]
14:44:29.430 -> [[-7.31,-6.15,-2.18],[0.01,0.04,-0.00]]
14:44:29.464 -> [[-7.46,-5.84,-2.52],[-0.13,0.11,0.07]]
14:44:29.496 -> [[-7.35,-6.18,-2.26],[-0.05,0.08,-0.01]]
14:44:29.528 -> [[-7.36,-6.00,-2.48],[-0.05,0.10,0.03]]
14:44:29.667 -> [[-7.43,-5.98,-2.71],[-0.11,0.05,0.01]]
14:44:29.714 -> [[-7.14,-6.17,-2.24],[-0.14,-0.02,0.01]]
14:44:29.745 -> [[-7.25,-6.12,-2.32],[-0.06,0.08,0.01]]
14:44:29.791 -> [[-7.47,-6.10,-2.49],[-0.02,0.10,0.00]]
14:44:29.838 -> [[-7.31,-6.07,-2.56],[-0.03,0.09,-0.00]]
14:44:29.885 -> [[-7.40,-6.05,-2.61],[-0.04,0.11,0.01]]
14:44:29.993 -> [[-7.38,-6.06,-2.69],[-0.03,0.03,-0.02]]
14:44:30.040 -> [[-7.28,-6.04,-2.56],[-0.05,0.02,-0.00]]
14:44:30.085 -> [[-7.45,-6.09,-2.66],[-0.07,0.02,0.03]]
14:44:30.118 -> [[-7.27,-6.38,-2.37],[0.09,0.05,-0.01]]
14:44:30.165 -> [[-7.36,-5.76,-2.77],[-0.01,0.10,0.07]]
14:44:30.212 -> [[-7.61,-6.15,-2.56],[-0.01,-0.03,-0.00]]
14:44:30.291 -> [[-7.35,-6.02,-2.56],[-0.09,-0.01,0.00]]
14:44:30.368 -> [[-7.42,-6.08,-2.52],[-0.09,0.02,0.01]]
14:44:30.492 -> [[-7.37,-6.07,-2.54],[-0.05,-0.05,-0.01]]
14:44:30.570 -> [[-7.41,-6.15,-2.32],[-0.06,-0.16,-0.06]]
14:44:30.647 -> [[-7.38,-6.21,-2.26],[-0.05,-0.30,-0.10]]
14:44:30.767 -> [[-7.26,-6.17,-2.25],[-0.05,-0.17,-0.04]]
14:44:30.801 -> [[-7.26,-6.42,-2.02],[-0.03,-0.12,-0.02]]
14:44:30.848 -> [[-7.18,-6.19,-2.00],[-0.03,0.01,0.01]]
14:44:30.969 -> [[-7.02,-5.74,-2.20],[-0.04,0.02,0.06]]
14:44:31.004 -> [[-7.28,-6.17,-2.00],[-0.06,0.08,0.00]]
14:44:31.050 -> [[-7.22,-6.21,-1.95],[-0.03,0.11,-0.02]]
14:44:31.095 -> [[-7.41,-6.27,-2.11],[-0.10,0.25,0.11]]
14:44:31.127 -> [[-7.25,-6.16,-2.17],[-0.04,0.21,0.08]]
14:44:31.172 -> [[-7.30,-6.11,-2.10],[-0.11,0.25,0.12]]
14:44:31.313 -> [[-7.52,-6.17,-2.30],[-0.07,0.20,0.06]]
14:44:31.359 -> [[-7.36,-6.18,-2.31],[-0.00,0.08,0.01]]
14:44:31.402 -> [[-7.31,-6.11,-2.38],[-0.02,0.05,0.01]]
14:44:31.436 -> [[-7.48,-6.04,-2.48],[-0.05,0.05,-0.00]]
14:44:31.482 -> [[-7.34,-6.15,-2.48],[-0.07,0.06,0.00]]
14:44:31.527 -> [[-7.26,-6.11,-2.42],[-0.09,0.11,0.03]]
14:44:31.560 -> [[-7.45,-6.09,-2.56],[-0.06,0.01,-0.03]]
14:44:31.606 -> [[-6.96,-6.01,-1.88],[-0.42,-0.08,0.12]]
14:44:31.653 -> [[-7.20,-6.22,-2.45],[-0.07,0.08,0.00]]
14:44:31.695 -> [[-7.46,-6.06,-2.64],[-0.09,0.08,0.01]]
14:44:31.731 -> [[-7.29,-6.41,-2.55],[-0.47,-0.20,0.16]]
14:44:31.777 -> [[-7.24,-6.18,-2.52],[-0.05,0.10,0.00]]
14:44:31.823 -> [[-7.37,-6.08,-2.64],[-0.04,0.05,0.01]]
14:44:31.916 -> [[-7.46,-6.14,-2.69],[-0.04,0.07,0.04]]
14:44:32.055 -> [[-7.24,-6.42,-2.52],[0.05,0.05,-0.02]]
14:44:32.086 -> [[-7.23,-5.89,-2.87],[0.08,0.08,0.05]]
14:44:32.134 -> [[-7.45,-5.99,-2.71],[0.03,0.03,0.06]]
14:44:32.179 -> [[-7.47,-6.26,-2.66],[0.03,0.01,0.03]]
14:44:32.302 -> [[-7.40,-5.72,-2.95],[-0.12,-0.05,-0.01]]
14:44:32.344 -> [[-7.54,-5.90,-2.67],[-0.40,-0.07,-0.05]]
14:44:32.381 -> [[-7.38,-6.52,-2.52],[-0.12,-0.23,-0.08]]
14:44:32.427 -> [[-7.09,-5.76,-2.78],[-0.10,-0.23,-0.05]]
14:44:32.470 -> [[-7.44,-6.16,-2.66],[-0.03,-0.05,0.01]]
14:44:32.504 -> [[-7.32,-6.22,-2.38],[0.04,-0.10,-0.03]]
14:44:32.551 -> [[-7.47,-6.15,-2.73],[0.04,-0.07,0.00]]
14:44:32.675 -> [[-7.38,-6.05,-2.56],[0.03,-0.02,0.01]]
14:44:32.752 -> [[-7.41,-6.27,-2.01],[0.02,-0.09,-0.01]]
14:44:32.876 -> [[-7.20,-5.85,-1.88],[-0.05,0.03,0.06]]
14:44:32.950 -> [[-7.44,-6.30,-1.99],[-0.07,-0.00,0.06]]
14:44:32.984 -> [[-7.18,-6.05,-1.91],[0.01,-0.01,0.05]]
14:44:33.016 -> [[-7.43,-6.07,-2.01],[-0.06,0.12,0.04]]
14:44:33.062 -> [[-7.29,-6.03,-1.94],[-0.03,0.07,0.03]]
14:44:33.108 -> [[-7.24,-6.17,-1.94],[-0.04,0.04,-0.00]]
14:44:33.154 -> [[-7.57,-6.24,-2.02],[-0.02,-0.00,0.01]]
14:44:33.200 -> [[-7.33,-6.07,-2.15],[-0.05,-0.02,0.05]]
14:44:33.247 -> [[-7.47,-6.15,-1.92],[-0.04,0.06,0.01]]