198
198
206
211
193
203
194
196
194
207
208
210
198
196
205
201
205
194
205
221
215
221
205
242
201
221
212
221
185
194
216
217
225
220
226
218
228
215
215
225
210
231
200
205
203
187
201
209
217
231
208
215
248
230
229
227
221
193
188
189
178
196
200
208
217
235
236
213
216
202
184
190
199
211
205
204
231
223
222
230
200
200
193
203
221
240
235
215
226
215
189
195
202
199
192
209
203
214
203
204
226
220
221
206
198
220
216
217
208
217
203
197
206
200
213
205
197
202
209
207
210
200
217
203
197
200
201
205
209
213
200
199
202
207
200
212
202
198
207
200
197
211
208
230
203
199
202
225
205
231
213
216
221
211
202
213
211
208
209
193
217
211
200
211
205
196
200
213
217
221
211
240
220
223
226
228
229
228
217
228
219
209
201
202
207
210
198
196
195
217
208
204
206
223
222
225
222
230
220
220
217
220
215
212
219
216
229
215
221
216
214
206
218
219
202
202
207
226
214
229
227
231
214
206
214
227
230
222
216
213
225
223
210
208
202
211
213
207
205
207
210
219
218
223
220
220
216
210
212
207
226
229
225
212
228
208
208
192
204
199
191
202
217
216
194
209
213
193
205
197
202
197
202
194
194
203
200
208
212
210
200
219
200
198
221
207
200
205
206
211
195
200
195
202
217
195
218
209
218
220
235
223
218
239
224
222
227
201
212
214
228
231
203
223
230
202
239
214
227
217
208
228
222
206
208
214
202
221
215
212
231
218
203
208
216
210
211
225
198
222
207
235
200
227
226
201
203
210
214
212
208
214
215
210
209
215
207
219
210
210
212
220
222
219
212
218
203
216
216
208
222
204
209
212
210
218
213
220
209
215
213
222
217
214
202
210
215
222
208
207
222
209
218
218
208
208
204
210
222
209
220
212
213
218
205
210
218
203
210
212
221
202
206
210
214
202
221
210
223
222
209
216
210
216
212
221
217
225
196
215
219
209
202
203
210
204
230
208
216
206
215
210
218
211
201
210
205
211
215
208
212
215
222
225
205
210
195
204
203
218
193
204
196
205
216
210
193
203
213
217
203
199
204
213
193
213
203
209
218
204
209
207
204
216
208
204
218
203
222
201
213
205
206
220
230
219
226
212
220
212
211
202
206
198
217
203
207
221
218
205
209
207
229
204
216
206
183
178
176
190
177
182
190
192
188
188
184
192
188
185
190
192
191
184