0.00
0.50
0.50
0.50
0.50
0.50
0.50
0.50
0.50
0.50
0.50
10.00
10.00
10.00
10.00
10.00
10.00
10.00
10.00
10.00
9.00
9.00
9.00
9.00
9.00
9.00
9.00
9.00
9.00
9.00
9.00
9.00
9.00
9.00
9.00
9.00
9.00
9.00
9.00
9.00
9.00
21.00
21.00
21.00
21.00
21.00
21.00
21.00
21.00
21.00
21.00
21.00
21.00
21.00
21.00
21.00
21.00
21.00
21.00
21.00
21.00
21.00
21.00
22.00
22.00
22.00
22.00
22.00
22.00
22.00
22.00
22.00
22.00
22.00
22.00
22.00
22.00
22.00
22.00
22.00
22.00
22.00
22.00
22.00
22.00
22.00
22.00
22.00
22.00
22.00
22.00
22.00
22.00
22.00
22.00
22.00
22.00
22.00
22.00
22.00
22.00
22.00
22.00
22.00
22.00
22.00
22.00
22.00
22.00
22.00
22.00
22.00
22.00
22.00
22.00
22.00
22.00
22.00
11.00
11.00
11.00
11.00
11.00
11.00
11.00
11.00
11.00
9.00
9.00
9.00
9.00
9.00
9.00
9.00
9.00
9.00
9.00
9.00
9.00
9.00
9.00
9.00
9.00
9.00
9.00
9.00
9.00
9.00
9.00
9.00
9.00
9.00
9.00
9.00
9.00
9.00
9.00
9.00
9.00
9.00
9.00
9.00
9.00
9.00
9.00
9.00
21.00
21.00
21.00
21.00
21.00
21.00
21.00
21.00
21.00
21.00
21.00
21.00
21.00
21.00
21.00
21.00
21.00
21.00
21.00
21.00
21.00
21.00
22.00
22.00
22.00
22.00
22.00
22.00
22.00
22.00
22.00
22.00
22.00
22.00
22.00
22.00
22.00
22.00
22.00
22.00
22.00
22.00
22.00
22.00
22.00
22.00
22.00
22.00
22.00
22.00
22.00
22.00
22.00
22.00
22.00
22.00
22.00
22.00
22.00
22.00
22.00
22.00
22.00
22.00
22.00
22.00
22.00
22.00
22.00
22.00
22.00
22.00
22.00
22.00
22.00
22.00
22.00
22.00
22.00
22.00
22.00
22.00
22.00
22.00
22.00
22.00
22.00
21.00
21.00
21.00
21.00
21.00
21.00
21.00
21.00
21.00
21.00
21.00
21.00
21.00
21.00
21.00
21.00
16.00
16.00
16.00
16.00
16.00
16.00
16.00
16.00
16.00
9.00
9.00
9.00
9.00
9.00
9.00
9.00
9.00
9.00
9.00
9.00
9.00
9.00
9.00
9.00
9.00
9.00
9.00
9.00
9.00
9.00
9.00
9.00
9.00
9.00
9.00
9.00
9.00
9.00
9.00
9.00
9.00
9.00
9.00
9.00
9.00
9.00
9.00
9.00
9.00
9.00
23.00
23.00
23.00
23.00
23.00
23.00
23.00
23.00
23.00
23.00
23.00
23.00
23.00
23.00
23.00
23.00
23.00
23.00
23.00
23.00
20.00
20.00
20.00
20.00
20.00
20.00
20.00
20.00
20.00
20.00
20.00
20.00
20.00
20.00
20.00
20.00
16.00
16.00
16.00
16.00
16.00
16.00
16.00
16.00
16.00
9.00
9.00
9.00
9.00
9.00
9.00
9.00
9.00
9.00
9.00
9.00
9.00
9.00
9.00
9.00
9.00
9.00
9.00
9.00
9.00
9.00
9.00
9.00
9.00
9.00
9.00
9.00
9.00
9.00
9.00
9.00
9.00
9.00
9.00
9.00
9.00
9.00
9.00
9.00
9.00
9.00
9.00
9.00
9.00
9.00
9.00
9.00
9.00
9.00
9.00
9.00
9.00
9.00
9.00
9.00
9.00
9.00
9.00
9.00
9.00
9.00
9.00
9.00
9.00
9.00
9.00
9.00
9.00
9.00
9.00
9.00
9.00
9.00
9.00
9.00
9.00
9.00
9.00
9.00
9.00
9.00
9.00
19.00
19.00
19.00
19.00
19.00
19.00
19.00
19.00
19.00
19.00
19.00
19.00
19.00
19.00
19.00
19.00
19.00
19.00
19.00
19.00
19.00
19.00
22.00
22.00
22.00
22.00
22.00
22.00
22.00
22.00
22.00
22.00
22.00
22.00
22.00
22.00
22.00
22.00
22.00
22.00
22.00
22.00
22.00
21.00
21.00
21.00
21.00
21.00
21.00
21.00
21.00
21.00
21.00
21.00
21.00
21.00
21.00
21.00
21.00
21.00
21.00
21.00
21.00
21.00
21.00
21.00
21.00
21.00
21.00
21.00
21.00
21.00
21.00
21.00
21.00
21.00
21.00
21.00
14.00
14.00
14.00
14.00
14.00
14.00
14.00
14.00
14.00
9.00