0.00 343  198

0.50 343  198

0.50 343  206

0.50 343  211

0.50 343  193

0.50 343  203

0.50 343  194

0.50 343  196

0.50 343  194

0.50 343  207

0.50 343  208

10.00 343  210

10.00 343  198

10.00 343  196

10.00 343  205

10.00 343  201

10.00 343  205

10.00 343  194

10.00 352  205

10.00 352  221

9.00 352  215

9.00 352  221

9.00 352  205

9.00 379  242

9.00 343  201

9.00 370  221

9.00 352  212

9.00 361  221

9.00 334  185

9.00 343  194

9.00 352  216

9.00 352  217

9.00 361  225

9.00 370  220

9.00 361  226

9.00 361  218

9.00 361  228

9.00 361  215

9.00 352  215

9.00 361  225

9.00 352  210

21.00 361  231

21.00 343  200

21.00 343  205

21.00 343  203

21.00 334  187

21.00 343  201

21.00 343  209

21.00 352  217

21.00 370  231

21.00 343  208

21.00 352  215

21.00 379  248

21.00 370  230

21.00 370  229

21.00 361  227

21.00 352  221

21.00 343  193

21.00 325  188

21.00 334  189

21.00 325  178

21.00 343  196

21.00 343  200

22.00 343  208

22.00 361  217

22.00 370  235

22.00 370  236

22.00 361  213

22.00 361  216

22.00 343  202

22.00 334  184

22.00 334  190

22.00 334  199

22.00 343  211

22.00 352  205

22.00 352  204

22.00 370  231

22.00 370  223

22.00 361  222

22.00 361  230

22.00 343  200

22.00 343  200

22.00 343  193

22.00 334  203

22.00 361  221

22.00 370  240

22.00 370  235

22.00 361  215

22.00 370  226

22.00 352  215

22.00 334  189

22.00 334  195

22.00 334  202

22.00 334  199

22.00 334  192

22.00 343  209

22.00 352  203

22.00 352  214

22.00 343  203

22.00 352  204

22.00 361  226

22.00 361  220

22.00 352  221

22.00 352  206

22.00 343  198

22.00 352  220

22.00 352  216

22.00 352  217

22.00 352  208

22.00 352  217

22.00 343  203

22.00 343  197

22.00 343  206

22.00 343  200

22.00 343  213

22.00 343  205

22.00 343  197

22.00 343  202

11.00 343  209

11.00 343  207

11.00 343  210

11.00 343  200

11.00 352  217

11.00 343  203

11.00 343  197

11.00 343  200

11.00 343  201

9.00 343  205

9.00 343  209

9.00 343  213

9.00 343  200

9.00 343  199

9.00 343  202

9.00 343  207

9.00 343  200

9.00 343  212

9.00 343  202

9.00 343  198

9.00 343  207

9.00 343  200

9.00 343  197

9.00 343  211

9.00 343  208

9.00 361  230

9.00 343  203

9.00 343  199

9.00 343  202

9.00 361  225

9.00 352  205

9.00 370  231

9.00 361  213

9.00 352  216

9.00 352  221

9.00 361  211

9.00 352  202

9.00 343  213

9.00 343  211

9.00 352  208

9.00 343  209

9.00 343  193

9.00 352  217

9.00 352  211

9.00 343  200

9.00 343  211

9.00 343  205

9.00 343  196

21.00 334  200

21.00 352  213

21.00 361  217

21.00 361  221

21.00 361  211

21.00 370  240

21.00 361  220

21.00 361  223

21.00 361  226

21.00 361  228

21.00 361  229

21.00 370  228

21.00 361  217

21.00 361  228

21.00 352  219

21.00 352  209

21.00 343  201

21.00 343  202

21.00 343  207

21.00 352  210

21.00 343  198

21.00 343  196

22.00 343  195

22.00 352  217

22.00 352  208

22.00 343  204

22.00 352  206

22.00 370  223

22.00 361  222

22.00 361  225

22.00 370  222

22.00 361  230

22.00 361  220

22.00 361  220

22.00 352  217

22.00 361  220

22.00 361  215

22.00 361  212

22.00 361  219

22.00 361  216

22.00 361  229

22.00 352  215

22.00 352  221

22.00 361  216

22.00 352  214

22.00 352  206

22.00 352  218

22.00 352  219

22.00 352  202

22.00 352  202

22.00 352  207

22.00 361  226

22.00 361  214

22.00 361  229

22.00 361  227

22.00 361  231

22.00 361  214

22.00 352  206

22.00 361  214

22.00 361  227

22.00 361  230

22.00 361  222

22.00 361  216

22.00 361  213

22.00 370  225

22.00 361  223

22.00 352  210

22.00 352  208

22.00 352  202

22.00 352  211

22.00 343  213

22.00 352  207

22.00 352  205

22.00 352  207

22.00 352  210

22.00 352  219

22.00 352  218

22.00 361  223

22.00 361  220

22.00 361  220

22.00 352  216

22.00 352  210

22.00 343  212

22.00 352  207

22.00 370  226

22.00 361  229

22.00 361  225

21.00 352  212

21.00 361  228

21.00 343  208

21.00 343  208

21.00 334  192

21.00 352  204

21.00 343  199

21.00 334  191

21.00 352  202

21.00 352  217

21.00 352  216

21.00 343  194

21.00 352  209

21.00 343  213

21.00 343  193

21.00 343  205

16.00 343  197

16.00 343  202

16.00 343  197

16.00 343  202

16.00 343  194

16.00 343  194

16.00 343  203

16.00 343  200

16.00 343  208

9.00 343  212

9.00 343  210

9.00 343  200

9.00 352  219

9.00 343  200

9.00 343  198

9.00 352  221

9.00 343  207

9.00 343  200

9.00 343  205

9.00 343  206

9.00 343  211

9.00 343  195

9.00 343  200

9.00 343  195

9.00 343  202

9.00 361  217

9.00 343  195

9.00 352  218

9.00 343  209

9.00 352  218

9.00 352  220

9.00 370  235

9.00 361  223

9.00 352  218

9.00 370  239

9.00 370  224

9.00 370  222

9.00 361  227

9.00 343  201

9.00 352  212

9.00 352  214

9.00 361  228

9.00 361  231

9.00 352  203

9.00 361  223

9.00 361  230

9.00 352  202

9.00 370  239

9.00 361  214

9.00 370  227

23.00 352  217

23.00 352  208

23.00 361  228

23.00 370  222

23.00 352  206

23.00 343  208

23.00 361  214

23.00 352  202

23.00 361  221

23.00 352  215

23.00 352  212

23.00 361  231

23.00 361  218

23.00 352  203

23.00 352  208

23.00 361  216

23.00 343  210

23.00 352  211

23.00 370  225

23.00 343  198

20.00 352  222

20.00 352  207

20.00 370  235

20.00 343  200

20.00 370  227

20.00 361  226

20.00 343  201

20.00 352  203

20.00 352  210

20.00 352  214

20.00 352  212

20.00 352  208

20.00 352  214

20.00 352  215

20.00 352  210

20.00 352  209

16.00 352  215

16.00 352  207

16.00 361  219

16.00 352  210

16.00 352  210

16.00 352  212

16.00 352  220

16.00 352  222

16.00 352  219

9.00 352  212

9.00 352  218

9.00 352  203

9.00 352  216

9.00 352  216

9.00 352  208

9.00 352  222

9.00 352  204

9.00 352  209

9.00 352  212

9.00 352  210

9.00 352  218

9.00 352  213

9.00 352  220

9.00 352  209

9.00 352  215

9.00 352  213

9.00 352  222

9.00 352  217

9.00 352  214

9.00 352  202

9.00 352  210

9.00 352  215

9.00 352  222

9.00 352  208

9.00 352  207

9.00 352  222

9.00 352  209

9.00 352  218

9.00 352  218

9.00 352  208

9.00 352  208

9.00 352  204

9.00 352  210

9.00 352  222

9.00 352  209

9.00 352  220

9.00 352  212

9.00 352  213

9.00 352  218

9.00 352  205

9.00 352  210

9.00 352  218

9.00 352  203

9.00 352  210

9.00 352  212

9.00 352  221

9.00 352  202

9.00 352  206

9.00 352  210

9.00 352  214

9.00 352  202

9.00 352  221

9.00 352  210

9.00 361  223

9.00 352  222

9.00 352  209

9.00 352  216

9.00 352  210

9.00 352  216

9.00 352  212

9.00 352  221

9.00 352  217

9.00 361  225

9.00 343  196

9.00 352  215

9.00 352  219

9.00 352  209

9.00 352  202

9.00 352  203

9.00 343  210

9.00 352  204

9.00 361  230

9.00 352  208

9.00 352  216

9.00 352  206

9.00 352  215

9.00 352  210

9.00 361  218

9.00 352  211

9.00 334  201

9.00 352  210

19.00 343  205

19.00 352  211

19.00 352  215

19.00 352  208

19.00 352  212

19.00 352  215

19.00 352  222

19.00 361  225

19.00 352  205

19.00 352  210

19.00 334  195

19.00 334  204

19.00 343  203

19.00 361  218

19.00 334  193

19.00 343  204

19.00 334  196

19.00 352  205

19.00 361  216

19.00 352  210

19.00 343  193

19.00 343  203

22.00 343  213

22.00 352  217

22.00 352  203

22.00 343  199

22.00 343  204

22.00 343  213

22.00 343  193

22.00 343  213

22.00 343  203

22.00 343  209

22.00 352  218

22.00 352  204

22.00 343  209

22.00 352  207

22.00 352  204

22.00 361  216

22.00 343  208

22.00 352  204

22.00 352  218

22.00 352  203

22.00 352  222

21.00 343  201

21.00 343  213

21.00 343  205

21.00 352  206

21.00 352  220

21.00 370  230

21.00 361  219

21.00 361  226

21.00 352  212

21.00 352  220

21.00 352  212

21.00 352  211

21.00 352  202

21.00 352  206

21.00 343  198

21.00 352  217

21.00 352  203

21.00 352  207

21.00 361  221

21.00 361  218

21.00 352  205

21.00 352  209

21.00 352  207

21.00 361  229

21.00 352  204

21.00 352  216

21.00 352  206

21.00 325  183

21.00 325  178

21.00 325  176

21.00 325  190

21.00 325  177

21.00 325  182

21.00 325  190

21.00 325  192

14.00 325  188

14.00 325  188

14.00 325  184

14.00 325  192

14.00 325  188

14.00 325  185

14.00 325  190

14.00 325  192

14.00 325  191

9.00 325  184